(kicad_pcb (version 20170123) (host pcbnew "(2017-05-12 revision b823d0b78)-makepkg")

  (general
    (links 192)
    (no_connects 183)
    (area 87.63 77.244999 230.250001 147.445001)
    (thickness 1.6)
    (drawings 2)
    (tracks 0)
    (zones 0)
    (modules 108)
    (nets 112)
  )

  (page A4)
  (layers
    (0 F.Cu signal)
    (31 B.Cu signal)
    (32 B.Adhes user)
    (33 F.Adhes user)
    (34 B.Paste user)
    (35 F.Paste user)
    (36 B.SilkS user)
    (37 F.SilkS user)
    (38 B.Mask user)
    (39 F.Mask user)
    (40 Dwgs.User user)
    (41 Cmts.User user)
    (42 Eco1.User user)
    (43 Eco2.User user)
    (44 Edge.Cuts user)
    (45 Margin user)
    (46 B.CrtYd user)
    (47 F.CrtYd user)
    (48 B.Fab user)
    (49 F.Fab user hide)
  )

  (setup
    (last_trace_width 0.25)
    (trace_clearance 0.2)
    (zone_clearance 0.508)
    (zone_45_only yes)
    (trace_min 0.2)
    (segment_width 0.2)
    (edge_width 0.1)
    (via_size 0.6)
    (via_drill 0.4)
    (via_min_size 0.4)
    (via_min_drill 0.3)
    (uvia_size 0.3)
    (uvia_drill 0.1)
    (uvias_allowed no)
    (uvia_min_size 0.2)
    (uvia_min_drill 0.1)
    (pcb_text_width 0.3)
    (pcb_text_size 1.5 1.5)
    (mod_edge_width 0.15)
    (mod_text_size 1 1)
    (mod_text_width 0.15)
    (pad_size 1.5 1.5)
    (pad_drill 0.6)
    (pad_to_mask_clearance 0)
    (aux_axis_origin 62.23 140.97)
    (grid_origin 62.23 140.97)
    (visible_elements 7FFFFFFF)
    (pcbplotparams
      (layerselection 0x00030_80000001)
      (usegerberextensions false)
      (excludeedgelayer true)
      (linewidth 0.100000)
      (plotframeref false)
      (viasonmask false)
      (mode 1)
      (useauxorigin false)
      (hpglpennumber 1)
      (hpglpenspeed 20)
      (hpglpendiameter 15)
      (psnegative false)
      (psa4output false)
      (plotreference true)
      (plotvalue true)
      (plotinvisibletext false)
      (padsonsilk false)
      (subtractmaskfromsilk false)
      (outputformat 1)
      (mirror false)
      (drillshape 1)
      (scaleselection 1)
      (outputdirectory ""))
  )

  (net 0 "")
  (net 1 "Net-(J1-Pad2)")
  (net 2 "Net-(J1-Pad1)")
  (net 3 "Net-(J2-Pad2)")
  (net 4 "Net-(J2-Pad1)")
  (net 5 "Net-(J3-Pad2)")
  (net 6 "Net-(J3-Pad1)")
  (net 7 "Net-(J4-Pad2)")
  (net 8 "Net-(J4-Pad1)")
  (net 9 "Net-(J5-Pad2)")
  (net 10 "Net-(J5-Pad1)")
  (net 11 "Net-(J6-Pad2)")
  (net 12 "Net-(J6-Pad1)")
  (net 13 "Net-(J7-Pad2)")
  (net 14 "Net-(J7-Pad1)")
  (net 15 "Net-(J8-Pad2)")
  (net 16 "Net-(J8-Pad1)")
  (net 17 "Net-(R1-Pad1)")
  (net 18 "Net-(R2-Pad1)")
  (net 19 "Net-(R3-Pad1)")
  (net 20 "Net-(R4-Pad1)")
  (net 21 "Net-(R5-Pad1)")
  (net 22 "Net-(R6-Pad1)")
  (net 23 "Net-(R7-Pad1)")
  (net 24 "Net-(R8-Pad1)")
  (net 25 "Net-(C1-Pad1)")
  (net 26 "Net-(C2-Pad1)")
  (net 27 "Net-(C3-Pad1)")
  (net 28 "Net-(C4-Pad1)")
  (net 29 "Net-(C5-Pad1)")
  (net 30 "Net-(C6-Pad1)")
  (net 31 "Net-(C7-Pad1)")
  (net 32 +3V3)
  (net 33 DI1)
  (net 34 DI2)
  (net 35 DI3)
  (net 36 DI4)
  (net 37 DI5)
  (net 38 DI6)
  (net 39 DI7)
  (net 40 DI8)
  (net 41 "Net-(C8-Pad1)")
  (net 42 GND)
  (net 43 "Net-(D1-Pad2)")
  (net 44 "Net-(D2-Pad2)")
  (net 45 "Net-(D3-Pad2)")
  (net 46 "Net-(D4-Pad2)")
  (net 47 "Net-(D5-Pad2)")
  (net 48 "Net-(D6-Pad2)")
  (net 49 "Net-(D7-Pad2)")
  (net 50 "Net-(D8-Pad2)")
  (net 51 AI1)
  (net 52 "Net-(SPRKESP1-Pad39)")
  (net 53 AI2)
  (net 54 AI3)
  (net 55 AI4)
  (net 56 "Net-(SPRKESP1-Pad36)")
  (net 57 AI6)
  (net 58 "Net-(SPRKESP1-Pad35)")
  (net 59 AI7)
  (net 60 "Net-(SPRKESP1-Pad34)")
  (net 61 AI8)
  (net 62 "Net-(SPRKESP1-Pad33)")
  (net 63 AI9)
  (net 64 AI10)
  (net 65 "Net-(SPRKESP1-Pad11)")
  (net 66 "Net-(SPRKESP1-Pad29)")
  (net 67 "Net-(SPRKESP1-Pad12)")
  (net 68 "Net-(SPRKESP1-Pad13)")
  (net 69 "Net-(SPRKESP1-Pad14)")
  (net 70 "Net-(SPRKESP1-Pad15)")
  (net 71 "Net-(SPRKESP1-Pad23)")
  (net 72 "Net-(SPRKESP1-Pad18)")
  (net 73 "Net-(SPRKESP1-Pad22)")
  (net 74 "Net-(SPRKESP1-Pad19)")
  (net 75 "Net-(U4-Pad2)")
  (net 76 "Net-(U4-Pad5)")
  (net 77 "Net-(U8-Pad2)")
  (net 78 "Net-(U8-Pad5)")
  (net 79 "Net-(U1-Pad2)")
  (net 80 "Net-(U1-Pad5)")
  (net 81 "Net-(U3-Pad2)")
  (net 82 "Net-(U3-Pad5)")
  (net 83 "Net-(U5-Pad2)")
  (net 84 "Net-(U5-Pad5)")
  (net 85 "Net-(U6-Pad2)")
  (net 86 "Net-(U6-Pad5)")
  (net 87 "Net-(U7-Pad2)")
  (net 88 "Net-(U7-Pad5)")
  (net 89 "Net-(U2-Pad2)")
  (net 90 "Net-(U2-Pad5)")
  (net 91 AI5)
  (net 92 "Net-(R31-Pad2)")
  (net 93 "Net-(R25-Pad2)")
  (net 94 "Net-(R32-Pad2)")
  (net 95 "Net-(R26-Pad2)")
  (net 96 "Net-(R27-Pad2)")
  (net 97 "Net-(R28-Pad2)")
  (net 98 "Net-(R29-Pad2)")
  (net 99 "Net-(R30-Pad2)")
  (net 100 "Net-(R33-Pad2)")
  (net 101 "Net-(R34-Pad2)")
  (net 102 "Net-(J9-Pad1)")
  (net 103 "Net-(J12-Pad1)")
  (net 104 "Net-(J11-Pad1)")
  (net 105 "Net-(J16-Pad1)")
  (net 106 "Net-(J15-Pad1)")
  (net 107 "Net-(J10-Pad1)")
  (net 108 "Net-(J18-Pad1)")
  (net 109 "Net-(J17-Pad1)")
  (net 110 "Net-(J14-Pad1)")
  (net 111 "Net-(J13-Pad1)")

  (net_class Default "This is the default net class."
    (clearance 0.2)
    (trace_width 0.25)
    (via_dia 0.6)
    (via_drill 0.4)
    (uvia_dia 0.3)
    (uvia_drill 0.1)
    (add_net +3V3)
    (add_net AI1)
    (add_net AI10)
    (add_net AI2)
    (add_net AI3)
    (add_net AI4)
    (add_net AI5)
    (add_net AI6)
    (add_net AI7)
    (add_net AI8)
    (add_net AI9)
    (add_net DI1)
    (add_net DI2)
    (add_net DI3)
    (add_net DI4)
    (add_net DI5)
    (add_net DI6)
    (add_net DI7)
    (add_net DI8)
    (add_net GND)
    (add_net "Net-(C1-Pad1)")
    (add_net "Net-(C2-Pad1)")
    (add_net "Net-(C3-Pad1)")
    (add_net "Net-(C4-Pad1)")
    (add_net "Net-(C5-Pad1)")
    (add_net "Net-(C6-Pad1)")
    (add_net "Net-(C7-Pad1)")
    (add_net "Net-(C8-Pad1)")
    (add_net "Net-(D1-Pad2)")
    (add_net "Net-(D2-Pad2)")
    (add_net "Net-(D3-Pad2)")
    (add_net "Net-(D4-Pad2)")
    (add_net "Net-(D5-Pad2)")
    (add_net "Net-(D6-Pad2)")
    (add_net "Net-(D7-Pad2)")
    (add_net "Net-(D8-Pad2)")
    (add_net "Net-(J1-Pad1)")
    (add_net "Net-(J1-Pad2)")
    (add_net "Net-(J10-Pad1)")
    (add_net "Net-(J11-Pad1)")
    (add_net "Net-(J12-Pad1)")
    (add_net "Net-(J13-Pad1)")
    (add_net "Net-(J14-Pad1)")
    (add_net "Net-(J15-Pad1)")
    (add_net "Net-(J16-Pad1)")
    (add_net "Net-(J17-Pad1)")
    (add_net "Net-(J18-Pad1)")
    (add_net "Net-(J2-Pad1)")
    (add_net "Net-(J2-Pad2)")
    (add_net "Net-(J3-Pad1)")
    (add_net "Net-(J3-Pad2)")
    (add_net "Net-(J4-Pad1)")
    (add_net "Net-(J4-Pad2)")
    (add_net "Net-(J5-Pad1)")
    (add_net "Net-(J5-Pad2)")
    (add_net "Net-(J6-Pad1)")
    (add_net "Net-(J6-Pad2)")
    (add_net "Net-(J7-Pad1)")
    (add_net "Net-(J7-Pad2)")
    (add_net "Net-(J8-Pad1)")
    (add_net "Net-(J8-Pad2)")
    (add_net "Net-(J9-Pad1)")
    (add_net "Net-(R1-Pad1)")
    (add_net "Net-(R2-Pad1)")
    (add_net "Net-(R25-Pad2)")
    (add_net "Net-(R26-Pad2)")
    (add_net "Net-(R27-Pad2)")
    (add_net "Net-(R28-Pad2)")
    (add_net "Net-(R29-Pad2)")
    (add_net "Net-(R3-Pad1)")
    (add_net "Net-(R30-Pad2)")
    (add_net "Net-(R31-Pad2)")
    (add_net "Net-(R32-Pad2)")
    (add_net "Net-(R33-Pad2)")
    (add_net "Net-(R34-Pad2)")
    (add_net "Net-(R4-Pad1)")
    (add_net "Net-(R5-Pad1)")
    (add_net "Net-(R6-Pad1)")
    (add_net "Net-(R7-Pad1)")
    (add_net "Net-(R8-Pad1)")
    (add_net "Net-(SPRKESP1-Pad11)")
    (add_net "Net-(SPRKESP1-Pad12)")
    (add_net "Net-(SPRKESP1-Pad13)")
    (add_net "Net-(SPRKESP1-Pad14)")
    (add_net "Net-(SPRKESP1-Pad15)")
    (add_net "Net-(SPRKESP1-Pad18)")
    (add_net "Net-(SPRKESP1-Pad19)")
    (add_net "Net-(SPRKESP1-Pad22)")
    (add_net "Net-(SPRKESP1-Pad23)")
    (add_net "Net-(SPRKESP1-Pad29)")
    (add_net "Net-(SPRKESP1-Pad33)")
    (add_net "Net-(SPRKESP1-Pad34)")
    (add_net "Net-(SPRKESP1-Pad35)")
    (add_net "Net-(SPRKESP1-Pad36)")
    (add_net "Net-(SPRKESP1-Pad39)")
  )

  (module Capacitors_SMD:C_0805 (layer F.Cu) (tedit 58AA8463) (tstamp 591D597D)
    (at 128.27 114.57 270)
    (descr "Capacitor SMD 0805, reflow soldering, AVX (see smccp.pdf)")
    (tags "capacitor 0805")
    (path /591A7DC8/591CA418)
    (attr smd)
    (fp_text reference C18 (at 0 -1.5 270) (layer F.SilkS)
      (effects (font (size 1 1) (thickness 0.15)))
    )
    (fp_text value 100n (at 0 1.75 270) (layer F.Fab)
      (effects (font (size 1 1) (thickness 0.15)))
    )
    (fp_text user %R (at 0 -1.5 270) (layer F.Fab)
      (effects (font (size 1 1) (thickness 0.15)))
    )
    (fp_line (start -1 0.62) (end -1 -0.62) (layer F.Fab) (width 0.1))
    (fp_line (start 1 0.62) (end -1 0.62) (layer F.Fab) (width 0.1))
    (fp_line (start 1 -0.62) (end 1 0.62) (layer F.Fab) (width 0.1))
    (fp_line (start -1 -0.62) (end 1 -0.62) (layer F.Fab) (width 0.1))
    (fp_line (start 0.5 -0.85) (end -0.5 -0.85) (layer F.SilkS) (width 0.12))
    (fp_line (start -0.5 0.85) (end 0.5 0.85) (layer F.SilkS) (width 0.12))
    (fp_line (start -1.75 -0.88) (end 1.75 -0.88) (layer F.CrtYd) (width 0.05))
    (fp_line (start -1.75 -0.88) (end -1.75 0.87) (layer F.CrtYd) (width 0.05))
    (fp_line (start 1.75 0.87) (end 1.75 -0.88) (layer F.CrtYd) (width 0.05))
    (fp_line (start 1.75 0.87) (end -1.75 0.87) (layer F.CrtYd) (width 0.05))
    (pad 1 smd rect (at -1 0 270) (size 1 1.25) (layers F.Cu F.Paste F.Mask)
      (net 64 AI10))
    (pad 2 smd rect (at 1 0 270) (size 1 1.25) (layers F.Cu F.Paste F.Mask)
      (net 42 GND))
    (model Capacitors_SMD.3dshapes/C_0805.wrl
      (at (xyz 0 0 0))
      (scale (xyz 1 1 1))
      (rotate (xyz 0 0 0))
    )
  )

  (module Capacitors_SMD:C_0805 (layer F.Cu) (tedit 58AA8463) (tstamp 591D594C)
    (at 128.27 110.49 270)
    (descr "Capacitor SMD 0805, reflow soldering, AVX (see smccp.pdf)")
    (tags "capacitor 0805")
    (path /591A7DC8/591CA279)
    (attr smd)
    (fp_text reference C17 (at 0 -1.5 270) (layer F.SilkS)
      (effects (font (size 1 1) (thickness 0.15)))
    )
    (fp_text value 100n (at 0 1.75 270) (layer F.Fab)
      (effects (font (size 1 1) (thickness 0.15)))
    )
    (fp_line (start 1.75 0.87) (end -1.75 0.87) (layer F.CrtYd) (width 0.05))
    (fp_line (start 1.75 0.87) (end 1.75 -0.88) (layer F.CrtYd) (width 0.05))
    (fp_line (start -1.75 -0.88) (end -1.75 0.87) (layer F.CrtYd) (width 0.05))
    (fp_line (start -1.75 -0.88) (end 1.75 -0.88) (layer F.CrtYd) (width 0.05))
    (fp_line (start -0.5 0.85) (end 0.5 0.85) (layer F.SilkS) (width 0.12))
    (fp_line (start 0.5 -0.85) (end -0.5 -0.85) (layer F.SilkS) (width 0.12))
    (fp_line (start -1 -0.62) (end 1 -0.62) (layer F.Fab) (width 0.1))
    (fp_line (start 1 -0.62) (end 1 0.62) (layer F.Fab) (width 0.1))
    (fp_line (start 1 0.62) (end -1 0.62) (layer F.Fab) (width 0.1))
    (fp_line (start -1 0.62) (end -1 -0.62) (layer F.Fab) (width 0.1))
    (fp_text user %R (at 0 -1.5 270) (layer F.Fab)
      (effects (font (size 1 1) (thickness 0.15)))
    )
    (pad 2 smd rect (at 1 0 270) (size 1 1.25) (layers F.Cu F.Paste F.Mask)
      (net 42 GND))
    (pad 1 smd rect (at -1 0 270) (size 1 1.25) (layers F.Cu F.Paste F.Mask)
      (net 63 AI9))
    (model Capacitors_SMD.3dshapes/C_0805.wrl
      (at (xyz 0 0 0))
      (scale (xyz 1 1 1))
      (rotate (xyz 0 0 0))
    )
  )

  (module Capacitors_SMD:C_0805 (layer F.Cu) (tedit 58AA8463) (tstamp 591D591B)
    (at 124.46 109.22 270)
    (descr "Capacitor SMD 0805, reflow soldering, AVX (see smccp.pdf)")
    (tags "capacitor 0805")
    (path /591A7DC8/591CA122)
    (attr smd)
    (fp_text reference C16 (at 0 -1.5 270) (layer F.SilkS)
      (effects (font (size 1 1) (thickness 0.15)))
    )
    (fp_text value 100n (at 0 1.75 270) (layer F.Fab)
      (effects (font (size 1 1) (thickness 0.15)))
    )
    (fp_text user %R (at 0 -1.5 270) (layer F.Fab)
      (effects (font (size 1 1) (thickness 0.15)))
    )
    (fp_line (start -1 0.62) (end -1 -0.62) (layer F.Fab) (width 0.1))
    (fp_line (start 1 0.62) (end -1 0.62) (layer F.Fab) (width 0.1))
    (fp_line (start 1 -0.62) (end 1 0.62) (layer F.Fab) (width 0.1))
    (fp_line (start -1 -0.62) (end 1 -0.62) (layer F.Fab) (width 0.1))
    (fp_line (start 0.5 -0.85) (end -0.5 -0.85) (layer F.SilkS) (width 0.12))
    (fp_line (start -0.5 0.85) (end 0.5 0.85) (layer F.SilkS) (width 0.12))
    (fp_line (start -1.75 -0.88) (end 1.75 -0.88) (layer F.CrtYd) (width 0.05))
    (fp_line (start -1.75 -0.88) (end -1.75 0.87) (layer F.CrtYd) (width 0.05))
    (fp_line (start 1.75 0.87) (end 1.75 -0.88) (layer F.CrtYd) (width 0.05))
    (fp_line (start 1.75 0.87) (end -1.75 0.87) (layer F.CrtYd) (width 0.05))
    (pad 1 smd rect (at -1 0 270) (size 1 1.25) (layers F.Cu F.Paste F.Mask)
      (net 61 AI8))
    (pad 2 smd rect (at 1 0 270) (size 1 1.25) (layers F.Cu F.Paste F.Mask)
      (net 42 GND))
    (model Capacitors_SMD.3dshapes/C_0805.wrl
      (at (xyz 0 0 0))
      (scale (xyz 1 1 1))
      (rotate (xyz 0 0 0))
    )
  )

  (module Capacitors_SMD:C_0805 (layer F.Cu) (tedit 58AA8463) (tstamp 591D58EA)
    (at 128.27 105.41 270)
    (descr "Capacitor SMD 0805, reflow soldering, AVX (see smccp.pdf)")
    (tags "capacitor 0805")
    (path /591A7DC8/591C9FF7)
    (attr smd)
    (fp_text reference C15 (at 0 -1.5 270) (layer F.SilkS)
      (effects (font (size 1 1) (thickness 0.15)))
    )
    (fp_text value 100n (at 0 1.75 270) (layer F.Fab)
      (effects (font (size 1 1) (thickness 0.15)))
    )
    (fp_line (start 1.75 0.87) (end -1.75 0.87) (layer F.CrtYd) (width 0.05))
    (fp_line (start 1.75 0.87) (end 1.75 -0.88) (layer F.CrtYd) (width 0.05))
    (fp_line (start -1.75 -0.88) (end -1.75 0.87) (layer F.CrtYd) (width 0.05))
    (fp_line (start -1.75 -0.88) (end 1.75 -0.88) (layer F.CrtYd) (width 0.05))
    (fp_line (start -0.5 0.85) (end 0.5 0.85) (layer F.SilkS) (width 0.12))
    (fp_line (start 0.5 -0.85) (end -0.5 -0.85) (layer F.SilkS) (width 0.12))
    (fp_line (start -1 -0.62) (end 1 -0.62) (layer F.Fab) (width 0.1))
    (fp_line (start 1 -0.62) (end 1 0.62) (layer F.Fab) (width 0.1))
    (fp_line (start 1 0.62) (end -1 0.62) (layer F.Fab) (width 0.1))
    (fp_line (start -1 0.62) (end -1 -0.62) (layer F.Fab) (width 0.1))
    (fp_text user %R (at 0 -1.5 270) (layer F.Fab)
      (effects (font (size 1 1) (thickness 0.15)))
    )
    (pad 2 smd rect (at 1 0 270) (size 1 1.25) (layers F.Cu F.Paste F.Mask)
      (net 42 GND))
    (pad 1 smd rect (at -1 0 270) (size 1 1.25) (layers F.Cu F.Paste F.Mask)
      (net 59 AI7))
    (model Capacitors_SMD.3dshapes/C_0805.wrl
      (at (xyz 0 0 0))
      (scale (xyz 1 1 1))
      (rotate (xyz 0 0 0))
    )
  )

  (module Capacitors_SMD:C_0805 (layer F.Cu) (tedit 58AA8463) (tstamp 591D58B9)
    (at 124.46 102.87 90)
    (descr "Capacitor SMD 0805, reflow soldering, AVX (see smccp.pdf)")
    (tags "capacitor 0805")
    (path /591A7DC8/591C9958)
    (attr smd)
    (fp_text reference C14 (at 0 -1.5 90) (layer F.SilkS)
      (effects (font (size 1 1) (thickness 0.15)))
    )
    (fp_text value 100n (at 0 1.75 90) (layer F.Fab)
      (effects (font (size 1 1) (thickness 0.15)))
    )
    (fp_text user %R (at 0 -1.5 90) (layer F.Fab)
      (effects (font (size 1 1) (thickness 0.15)))
    )
    (fp_line (start -1 0.62) (end -1 -0.62) (layer F.Fab) (width 0.1))
    (fp_line (start 1 0.62) (end -1 0.62) (layer F.Fab) (width 0.1))
    (fp_line (start 1 -0.62) (end 1 0.62) (layer F.Fab) (width 0.1))
    (fp_line (start -1 -0.62) (end 1 -0.62) (layer F.Fab) (width 0.1))
    (fp_line (start 0.5 -0.85) (end -0.5 -0.85) (layer F.SilkS) (width 0.12))
    (fp_line (start -0.5 0.85) (end 0.5 0.85) (layer F.SilkS) (width 0.12))
    (fp_line (start -1.75 -0.88) (end 1.75 -0.88) (layer F.CrtYd) (width 0.05))
    (fp_line (start -1.75 -0.88) (end -1.75 0.87) (layer F.CrtYd) (width 0.05))
    (fp_line (start 1.75 0.87) (end 1.75 -0.88) (layer F.CrtYd) (width 0.05))
    (fp_line (start 1.75 0.87) (end -1.75 0.87) (layer F.CrtYd) (width 0.05))
    (pad 1 smd rect (at -1 0 90) (size 1 1.25) (layers F.Cu F.Paste F.Mask)
      (net 57 AI6))
    (pad 2 smd rect (at 1 0 90) (size 1 1.25) (layers F.Cu F.Paste F.Mask)
      (net 42 GND))
    (model Capacitors_SMD.3dshapes/C_0805.wrl
      (at (xyz 0 0 0))
      (scale (xyz 1 1 1))
      (rotate (xyz 0 0 0))
    )
  )

  (module Capacitors_SMD:C_0805 (layer F.Cu) (tedit 58AA8463) (tstamp 591D5888)
    (at 128.27 100.33 270)
    (descr "Capacitor SMD 0805, reflow soldering, AVX (see smccp.pdf)")
    (tags "capacitor 0805")
    (path /591A7DC8/591C9782)
    (attr smd)
    (fp_text reference C13 (at 0 -1.5 270) (layer F.SilkS)
      (effects (font (size 1 1) (thickness 0.15)))
    )
    (fp_text value 100n (at 0 1.75 270) (layer F.Fab)
      (effects (font (size 1 1) (thickness 0.15)))
    )
    (fp_line (start 1.75 0.87) (end -1.75 0.87) (layer F.CrtYd) (width 0.05))
    (fp_line (start 1.75 0.87) (end 1.75 -0.88) (layer F.CrtYd) (width 0.05))
    (fp_line (start -1.75 -0.88) (end -1.75 0.87) (layer F.CrtYd) (width 0.05))
    (fp_line (start -1.75 -0.88) (end 1.75 -0.88) (layer F.CrtYd) (width 0.05))
    (fp_line (start -0.5 0.85) (end 0.5 0.85) (layer F.SilkS) (width 0.12))
    (fp_line (start 0.5 -0.85) (end -0.5 -0.85) (layer F.SilkS) (width 0.12))
    (fp_line (start -1 -0.62) (end 1 -0.62) (layer F.Fab) (width 0.1))
    (fp_line (start 1 -0.62) (end 1 0.62) (layer F.Fab) (width 0.1))
    (fp_line (start 1 0.62) (end -1 0.62) (layer F.Fab) (width 0.1))
    (fp_line (start -1 0.62) (end -1 -0.62) (layer F.Fab) (width 0.1))
    (fp_text user %R (at 0 -1.5 270) (layer F.Fab)
      (effects (font (size 1 1) (thickness 0.15)))
    )
    (pad 2 smd rect (at 1 0 270) (size 1 1.25) (layers F.Cu F.Paste F.Mask)
      (net 42 GND))
    (pad 1 smd rect (at -1 0 270) (size 1 1.25) (layers F.Cu F.Paste F.Mask)
      (net 91 AI5))
    (model Capacitors_SMD.3dshapes/C_0805.wrl
      (at (xyz 0 0 0))
      (scale (xyz 1 1 1))
      (rotate (xyz 0 0 0))
    )
  )

  (module Capacitors_SMD:C_0805 (layer F.Cu) (tedit 58AA8463) (tstamp 591D5857)
    (at 124.46 97.79 270)
    (descr "Capacitor SMD 0805, reflow soldering, AVX (see smccp.pdf)")
    (tags "capacitor 0805")
    (path /591A7DC8/591C93C6)
    (attr smd)
    (fp_text reference C12 (at 0 -1.5 270) (layer F.SilkS)
      (effects (font (size 1 1) (thickness 0.15)))
    )
    (fp_text value 100n (at 0 1.75 270) (layer F.Fab)
      (effects (font (size 1 1) (thickness 0.15)))
    )
    (fp_text user %R (at 0 -1.5 270) (layer F.Fab)
      (effects (font (size 1 1) (thickness 0.15)))
    )
    (fp_line (start -1 0.62) (end -1 -0.62) (layer F.Fab) (width 0.1))
    (fp_line (start 1 0.62) (end -1 0.62) (layer F.Fab) (width 0.1))
    (fp_line (start 1 -0.62) (end 1 0.62) (layer F.Fab) (width 0.1))
    (fp_line (start -1 -0.62) (end 1 -0.62) (layer F.Fab) (width 0.1))
    (fp_line (start 0.5 -0.85) (end -0.5 -0.85) (layer F.SilkS) (width 0.12))
    (fp_line (start -0.5 0.85) (end 0.5 0.85) (layer F.SilkS) (width 0.12))
    (fp_line (start -1.75 -0.88) (end 1.75 -0.88) (layer F.CrtYd) (width 0.05))
    (fp_line (start -1.75 -0.88) (end -1.75 0.87) (layer F.CrtYd) (width 0.05))
    (fp_line (start 1.75 0.87) (end 1.75 -0.88) (layer F.CrtYd) (width 0.05))
    (fp_line (start 1.75 0.87) (end -1.75 0.87) (layer F.CrtYd) (width 0.05))
    (pad 1 smd rect (at -1 0 270) (size 1 1.25) (layers F.Cu F.Paste F.Mask)
      (net 55 AI4))
    (pad 2 smd rect (at 1 0 270) (size 1 1.25) (layers F.Cu F.Paste F.Mask)
      (net 42 GND))
    (model Capacitors_SMD.3dshapes/C_0805.wrl
      (at (xyz 0 0 0))
      (scale (xyz 1 1 1))
      (rotate (xyz 0 0 0))
    )
  )

  (module Capacitors_SMD:C_0805 (layer F.Cu) (tedit 58AA8463) (tstamp 591D5826)
    (at 128.27 93.98 90)
    (descr "Capacitor SMD 0805, reflow soldering, AVX (see smccp.pdf)")
    (tags "capacitor 0805")
    (path /591A7DC8/591C7A1C)
    (attr smd)
    (fp_text reference C11 (at 0 -1.5 90) (layer F.SilkS)
      (effects (font (size 1 1) (thickness 0.15)))
    )
    (fp_text value 100n (at 0 1.75 90) (layer F.Fab)
      (effects (font (size 1 1) (thickness 0.15)))
    )
    (fp_line (start 1.75 0.87) (end -1.75 0.87) (layer F.CrtYd) (width 0.05))
    (fp_line (start 1.75 0.87) (end 1.75 -0.88) (layer F.CrtYd) (width 0.05))
    (fp_line (start -1.75 -0.88) (end -1.75 0.87) (layer F.CrtYd) (width 0.05))
    (fp_line (start -1.75 -0.88) (end 1.75 -0.88) (layer F.CrtYd) (width 0.05))
    (fp_line (start -0.5 0.85) (end 0.5 0.85) (layer F.SilkS) (width 0.12))
    (fp_line (start 0.5 -0.85) (end -0.5 -0.85) (layer F.SilkS) (width 0.12))
    (fp_line (start -1 -0.62) (end 1 -0.62) (layer F.Fab) (width 0.1))
    (fp_line (start 1 -0.62) (end 1 0.62) (layer F.Fab) (width 0.1))
    (fp_line (start 1 0.62) (end -1 0.62) (layer F.Fab) (width 0.1))
    (fp_line (start -1 0.62) (end -1 -0.62) (layer F.Fab) (width 0.1))
    (fp_text user %R (at 0 -1.5 90) (layer F.Fab)
      (effects (font (size 1 1) (thickness 0.15)))
    )
    (pad 2 smd rect (at 1 0 90) (size 1 1.25) (layers F.Cu F.Paste F.Mask)
      (net 42 GND))
    (pad 1 smd rect (at -1 0 90) (size 1 1.25) (layers F.Cu F.Paste F.Mask)
      (net 54 AI3))
    (model Capacitors_SMD.3dshapes/C_0805.wrl
      (at (xyz 0 0 0))
      (scale (xyz 1 1 1))
      (rotate (xyz 0 0 0))
    )
  )

  (module Capacitors_SMD:C_0805 (layer F.Cu) (tedit 58AA8463) (tstamp 591D57F5)
    (at 124.46 91.44 90)
    (descr "Capacitor SMD 0805, reflow soldering, AVX (see smccp.pdf)")
    (tags "capacitor 0805")
    (path /591A7DC8/591C7905)
    (attr smd)
    (fp_text reference C10 (at 0 -1.5 90) (layer F.SilkS)
      (effects (font (size 1 1) (thickness 0.15)))
    )
    (fp_text value 100n (at 0 1.75 90) (layer F.Fab)
      (effects (font (size 1 1) (thickness 0.15)))
    )
    (fp_text user %R (at 0 -1.5 90) (layer F.Fab)
      (effects (font (size 1 1) (thickness 0.15)))
    )
    (fp_line (start -1 0.62) (end -1 -0.62) (layer F.Fab) (width 0.1))
    (fp_line (start 1 0.62) (end -1 0.62) (layer F.Fab) (width 0.1))
    (fp_line (start 1 -0.62) (end 1 0.62) (layer F.Fab) (width 0.1))
    (fp_line (start -1 -0.62) (end 1 -0.62) (layer F.Fab) (width 0.1))
    (fp_line (start 0.5 -0.85) (end -0.5 -0.85) (layer F.SilkS) (width 0.12))
    (fp_line (start -0.5 0.85) (end 0.5 0.85) (layer F.SilkS) (width 0.12))
    (fp_line (start -1.75 -0.88) (end 1.75 -0.88) (layer F.CrtYd) (width 0.05))
    (fp_line (start -1.75 -0.88) (end -1.75 0.87) (layer F.CrtYd) (width 0.05))
    (fp_line (start 1.75 0.87) (end 1.75 -0.88) (layer F.CrtYd) (width 0.05))
    (fp_line (start 1.75 0.87) (end -1.75 0.87) (layer F.CrtYd) (width 0.05))
    (pad 1 smd rect (at -1 0 90) (size 1 1.25) (layers F.Cu F.Paste F.Mask)
      (net 53 AI2))
    (pad 2 smd rect (at 1 0 90) (size 1 1.25) (layers F.Cu F.Paste F.Mask)
      (net 42 GND))
    (model Capacitors_SMD.3dshapes/C_0805.wrl
      (at (xyz 0 0 0))
      (scale (xyz 1 1 1))
      (rotate (xyz 0 0 0))
    )
  )

  (module Capacitors_SMD:C_0805 (layer F.Cu) (tedit 58AA8463) (tstamp 591D57C4)
    (at 128.27 88.9 270)
    (descr "Capacitor SMD 0805, reflow soldering, AVX (see smccp.pdf)")
    (tags "capacitor 0805")
    (path /591A7DC8/591C3AD9)
    (attr smd)
    (fp_text reference C9 (at 0 -1.5 270) (layer F.SilkS)
      (effects (font (size 1 1) (thickness 0.15)))
    )
    (fp_text value 100n (at 0 1.75 270) (layer F.Fab)
      (effects (font (size 1 1) (thickness 0.15)))
    )
    (fp_line (start 1.75 0.87) (end -1.75 0.87) (layer F.CrtYd) (width 0.05))
    (fp_line (start 1.75 0.87) (end 1.75 -0.88) (layer F.CrtYd) (width 0.05))
    (fp_line (start -1.75 -0.88) (end -1.75 0.87) (layer F.CrtYd) (width 0.05))
    (fp_line (start -1.75 -0.88) (end 1.75 -0.88) (layer F.CrtYd) (width 0.05))
    (fp_line (start -0.5 0.85) (end 0.5 0.85) (layer F.SilkS) (width 0.12))
    (fp_line (start 0.5 -0.85) (end -0.5 -0.85) (layer F.SilkS) (width 0.12))
    (fp_line (start -1 -0.62) (end 1 -0.62) (layer F.Fab) (width 0.1))
    (fp_line (start 1 -0.62) (end 1 0.62) (layer F.Fab) (width 0.1))
    (fp_line (start 1 0.62) (end -1 0.62) (layer F.Fab) (width 0.1))
    (fp_line (start -1 0.62) (end -1 -0.62) (layer F.Fab) (width 0.1))
    (fp_text user %R (at 0 -1.5 270) (layer F.Fab)
      (effects (font (size 1 1) (thickness 0.15)))
    )
    (pad 2 smd rect (at 1 0 270) (size 1 1.25) (layers F.Cu F.Paste F.Mask)
      (net 42 GND))
    (pad 1 smd rect (at -1 0 270) (size 1 1.25) (layers F.Cu F.Paste F.Mask)
      (net 51 AI1))
    (model Capacitors_SMD.3dshapes/C_0805.wrl
      (at (xyz 0 0 0))
      (scale (xyz 1 1 1))
      (rotate (xyz 0 0 0))
    )
  )

  (module Connectors_Terminal_Blocks:TerminalBlock_Pheonix_MPT-2.54mm_2pol (layer F.Cu) (tedit 0) (tstamp 591C69CF)
    (at 95.25 119.38 270)
    (descr "2-way 2.54mm pitch terminal block, Phoenix MPT series")
    (path /591A7DC8/591818F2)
    (fp_text reference J15 (at 1.27 -4.50088 270) (layer F.SilkS)
      (effects (font (size 1 1) (thickness 0.15)))
    )
    (fp_text value AI7 (at 1.27 4.50088 270) (layer F.Fab)
      (effects (font (size 1 1) (thickness 0.15)))
    )
    (fp_line (start -1.52908 -3.0988) (end -1.52908 3.0988) (layer F.SilkS) (width 0.15))
    (fp_line (start 4.06908 -3.0988) (end -1.52908 -3.0988) (layer F.SilkS) (width 0.15))
    (fp_line (start 4.06908 3.0988) (end 4.06908 -3.0988) (layer F.SilkS) (width 0.15))
    (fp_line (start -1.52908 3.0988) (end 4.06908 3.0988) (layer F.SilkS) (width 0.15))
    (fp_line (start -1.52908 -2.70002) (end 4.06908 -2.70002) (layer F.SilkS) (width 0.15))
    (fp_line (start 1.27 3.0988) (end 1.27 2.60096) (layer F.SilkS) (width 0.15))
    (fp_line (start 3.87096 2.60096) (end 3.87096 3.0988) (layer F.SilkS) (width 0.15))
    (fp_line (start -1.33096 3.0988) (end -1.33096 2.60096) (layer F.SilkS) (width 0.15))
    (fp_line (start 4.06908 2.60096) (end -1.52908 2.60096) (layer F.SilkS) (width 0.15))
    (fp_line (start 4.3 -3.3) (end 4.3 3.3) (layer F.CrtYd) (width 0.05))
    (fp_line (start 4.3 3.3) (end -1.7 3.3) (layer F.CrtYd) (width 0.05))
    (fp_line (start -1.7 3.3) (end -1.7 -3.3) (layer F.CrtYd) (width 0.05))
    (fp_line (start -1.7 -3.3) (end 4.3 -3.3) (layer F.CrtYd) (width 0.05))
    (pad 1 thru_hole rect (at 0 0 270) (size 1.99898 1.99898) (drill 1.09728) (layers *.Cu *.Mask)
      (net 106 "Net-(J15-Pad1)"))
    (pad 2 thru_hole oval (at 2.54 0 270) (size 1.99898 1.99898) (drill 1.09728) (layers *.Cu *.Mask)
      (net 42 GND))
    (model Terminal_Blocks.3dshapes/TerminalBlock_Pheonix_MPT-2.54mm_2pol.wrl
      (at (xyz 0.05 0 0))
      (scale (xyz 1 1 1))
      (rotate (xyz 0 0 0))
    )
  )

  (module Connectors_Terminal_Blocks:TerminalBlock_Pheonix_MPT-2.54mm_2pol (layer F.Cu) (tedit 0) (tstamp 591C6998)
    (at 95.25 100.33 270)
    (descr "2-way 2.54mm pitch terminal block, Phoenix MPT series")
    (path /591A7DC8/591817FC)
    (fp_text reference J12 (at 1.27 -4.50088 270) (layer F.SilkS)
      (effects (font (size 1 1) (thickness 0.15)))
    )
    (fp_text value AI4 (at 1.27 4.50088 270) (layer F.Fab)
      (effects (font (size 1 1) (thickness 0.15)))
    )
    (fp_line (start -1.7 -3.3) (end 4.3 -3.3) (layer F.CrtYd) (width 0.05))
    (fp_line (start -1.7 3.3) (end -1.7 -3.3) (layer F.CrtYd) (width 0.05))
    (fp_line (start 4.3 3.3) (end -1.7 3.3) (layer F.CrtYd) (width 0.05))
    (fp_line (start 4.3 -3.3) (end 4.3 3.3) (layer F.CrtYd) (width 0.05))
    (fp_line (start 4.06908 2.60096) (end -1.52908 2.60096) (layer F.SilkS) (width 0.15))
    (fp_line (start -1.33096 3.0988) (end -1.33096 2.60096) (layer F.SilkS) (width 0.15))
    (fp_line (start 3.87096 2.60096) (end 3.87096 3.0988) (layer F.SilkS) (width 0.15))
    (fp_line (start 1.27 3.0988) (end 1.27 2.60096) (layer F.SilkS) (width 0.15))
    (fp_line (start -1.52908 -2.70002) (end 4.06908 -2.70002) (layer F.SilkS) (width 0.15))
    (fp_line (start -1.52908 3.0988) (end 4.06908 3.0988) (layer F.SilkS) (width 0.15))
    (fp_line (start 4.06908 3.0988) (end 4.06908 -3.0988) (layer F.SilkS) (width 0.15))
    (fp_line (start 4.06908 -3.0988) (end -1.52908 -3.0988) (layer F.SilkS) (width 0.15))
    (fp_line (start -1.52908 -3.0988) (end -1.52908 3.0988) (layer F.SilkS) (width 0.15))
    (pad 2 thru_hole oval (at 2.54 0 270) (size 1.99898 1.99898) (drill 1.09728) (layers *.Cu *.Mask)
      (net 42 GND))
    (pad 1 thru_hole rect (at 0 0 270) (size 1.99898 1.99898) (drill 1.09728) (layers *.Cu *.Mask)
      (net 103 "Net-(J12-Pad1)"))
    (model Terminal_Blocks.3dshapes/TerminalBlock_Pheonix_MPT-2.54mm_2pol.wrl
      (at (xyz 0.05 0 0))
      (scale (xyz 1 1 1))
      (rotate (xyz 0 0 0))
    )
  )

  (module Connectors_Terminal_Blocks:TerminalBlock_Pheonix_MPT-2.54mm_2pol (layer F.Cu) (tedit 0) (tstamp 591C6961)
    (at 95.25 93.98 270)
    (descr "2-way 2.54mm pitch terminal block, Phoenix MPT series")
    (path /591A7DC8/59181776)
    (fp_text reference J11 (at 1.27 -4.50088 270) (layer F.SilkS)
      (effects (font (size 1 1) (thickness 0.15)))
    )
    (fp_text value AI3 (at 1.27 4.50088 270) (layer F.Fab)
      (effects (font (size 1 1) (thickness 0.15)))
    )
    (fp_line (start -1.52908 -3.0988) (end -1.52908 3.0988) (layer F.SilkS) (width 0.15))
    (fp_line (start 4.06908 -3.0988) (end -1.52908 -3.0988) (layer F.SilkS) (width 0.15))
    (fp_line (start 4.06908 3.0988) (end 4.06908 -3.0988) (layer F.SilkS) (width 0.15))
    (fp_line (start -1.52908 3.0988) (end 4.06908 3.0988) (layer F.SilkS) (width 0.15))
    (fp_line (start -1.52908 -2.70002) (end 4.06908 -2.70002) (layer F.SilkS) (width 0.15))
    (fp_line (start 1.27 3.0988) (end 1.27 2.60096) (layer F.SilkS) (width 0.15))
    (fp_line (start 3.87096 2.60096) (end 3.87096 3.0988) (layer F.SilkS) (width 0.15))
    (fp_line (start -1.33096 3.0988) (end -1.33096 2.60096) (layer F.SilkS) (width 0.15))
    (fp_line (start 4.06908 2.60096) (end -1.52908 2.60096) (layer F.SilkS) (width 0.15))
    (fp_line (start 4.3 -3.3) (end 4.3 3.3) (layer F.CrtYd) (width 0.05))
    (fp_line (start 4.3 3.3) (end -1.7 3.3) (layer F.CrtYd) (width 0.05))
    (fp_line (start -1.7 3.3) (end -1.7 -3.3) (layer F.CrtYd) (width 0.05))
    (fp_line (start -1.7 -3.3) (end 4.3 -3.3) (layer F.CrtYd) (width 0.05))
    (pad 1 thru_hole rect (at 0 0 270) (size 1.99898 1.99898) (drill 1.09728) (layers *.Cu *.Mask)
      (net 104 "Net-(J11-Pad1)"))
    (pad 2 thru_hole oval (at 2.54 0 270) (size 1.99898 1.99898) (drill 1.09728) (layers *.Cu *.Mask)
      (net 42 GND))
    (model Terminal_Blocks.3dshapes/TerminalBlock_Pheonix_MPT-2.54mm_2pol.wrl
      (at (xyz 0.05 0 0))
      (scale (xyz 1 1 1))
      (rotate (xyz 0 0 0))
    )
  )

  (module Connectors_Terminal_Blocks:TerminalBlock_Pheonix_MPT-2.54mm_2pol (layer F.Cu) (tedit 0) (tstamp 591C692A)
    (at 95.25 87.63 270)
    (descr "2-way 2.54mm pitch terminal block, Phoenix MPT series")
    (path /591A7DC8/59181750)
    (fp_text reference J10 (at 1.27 -4.50088 270) (layer F.SilkS)
      (effects (font (size 1 1) (thickness 0.15)))
    )
    (fp_text value AI2 (at 1.27 4.50088 270) (layer F.Fab)
      (effects (font (size 1 1) (thickness 0.15)))
    )
    (fp_line (start -1.7 -3.3) (end 4.3 -3.3) (layer F.CrtYd) (width 0.05))
    (fp_line (start -1.7 3.3) (end -1.7 -3.3) (layer F.CrtYd) (width 0.05))
    (fp_line (start 4.3 3.3) (end -1.7 3.3) (layer F.CrtYd) (width 0.05))
    (fp_line (start 4.3 -3.3) (end 4.3 3.3) (layer F.CrtYd) (width 0.05))
    (fp_line (start 4.06908 2.60096) (end -1.52908 2.60096) (layer F.SilkS) (width 0.15))
    (fp_line (start -1.33096 3.0988) (end -1.33096 2.60096) (layer F.SilkS) (width 0.15))
    (fp_line (start 3.87096 2.60096) (end 3.87096 3.0988) (layer F.SilkS) (width 0.15))
    (fp_line (start 1.27 3.0988) (end 1.27 2.60096) (layer F.SilkS) (width 0.15))
    (fp_line (start -1.52908 -2.70002) (end 4.06908 -2.70002) (layer F.SilkS) (width 0.15))
    (fp_line (start -1.52908 3.0988) (end 4.06908 3.0988) (layer F.SilkS) (width 0.15))
    (fp_line (start 4.06908 3.0988) (end 4.06908 -3.0988) (layer F.SilkS) (width 0.15))
    (fp_line (start 4.06908 -3.0988) (end -1.52908 -3.0988) (layer F.SilkS) (width 0.15))
    (fp_line (start -1.52908 -3.0988) (end -1.52908 3.0988) (layer F.SilkS) (width 0.15))
    (pad 2 thru_hole oval (at 2.54 0 270) (size 1.99898 1.99898) (drill 1.09728) (layers *.Cu *.Mask)
      (net 42 GND))
    (pad 1 thru_hole rect (at 0 0 270) (size 1.99898 1.99898) (drill 1.09728) (layers *.Cu *.Mask)
      (net 107 "Net-(J10-Pad1)"))
    (model Terminal_Blocks.3dshapes/TerminalBlock_Pheonix_MPT-2.54mm_2pol.wrl
      (at (xyz 0.05 0 0))
      (scale (xyz 1 1 1))
      (rotate (xyz 0 0 0))
    )
  )

  (module Connectors_Terminal_Blocks:TerminalBlock_Pheonix_MPT-2.54mm_2pol (layer F.Cu) (tedit 0) (tstamp 591C68F3)
    (at 95.25 81.28 270)
    (descr "2-way 2.54mm pitch terminal block, Phoenix MPT series")
    (path /591A7DC8/59181748)
    (fp_text reference J9 (at 1.27 -4.50088 270) (layer F.SilkS)
      (effects (font (size 1 1) (thickness 0.15)))
    )
    (fp_text value AI1 (at 1.27 4.50088 270) (layer F.Fab)
      (effects (font (size 1 1) (thickness 0.15)))
    )
    (fp_line (start -1.52908 -3.0988) (end -1.52908 3.0988) (layer F.SilkS) (width 0.15))
    (fp_line (start 4.06908 -3.0988) (end -1.52908 -3.0988) (layer F.SilkS) (width 0.15))
    (fp_line (start 4.06908 3.0988) (end 4.06908 -3.0988) (layer F.SilkS) (width 0.15))
    (fp_line (start -1.52908 3.0988) (end 4.06908 3.0988) (layer F.SilkS) (width 0.15))
    (fp_line (start -1.52908 -2.70002) (end 4.06908 -2.70002) (layer F.SilkS) (width 0.15))
    (fp_line (start 1.27 3.0988) (end 1.27 2.60096) (layer F.SilkS) (width 0.15))
    (fp_line (start 3.87096 2.60096) (end 3.87096 3.0988) (layer F.SilkS) (width 0.15))
    (fp_line (start -1.33096 3.0988) (end -1.33096 2.60096) (layer F.SilkS) (width 0.15))
    (fp_line (start 4.06908 2.60096) (end -1.52908 2.60096) (layer F.SilkS) (width 0.15))
    (fp_line (start 4.3 -3.3) (end 4.3 3.3) (layer F.CrtYd) (width 0.05))
    (fp_line (start 4.3 3.3) (end -1.7 3.3) (layer F.CrtYd) (width 0.05))
    (fp_line (start -1.7 3.3) (end -1.7 -3.3) (layer F.CrtYd) (width 0.05))
    (fp_line (start -1.7 -3.3) (end 4.3 -3.3) (layer F.CrtYd) (width 0.05))
    (pad 1 thru_hole rect (at 0 0 270) (size 1.99898 1.99898) (drill 1.09728) (layers *.Cu *.Mask)
      (net 102 "Net-(J9-Pad1)"))
    (pad 2 thru_hole oval (at 2.54 0 270) (size 1.99898 1.99898) (drill 1.09728) (layers *.Cu *.Mask)
      (net 42 GND))
    (model Terminal_Blocks.3dshapes/TerminalBlock_Pheonix_MPT-2.54mm_2pol.wrl
      (at (xyz 0.05 0 0))
      (scale (xyz 1 1 1))
      (rotate (xyz 0 0 0))
    )
  )

  (module Connectors_Terminal_Blocks:TerminalBlock_Pheonix_MPT-2.54mm_2pol (layer F.Cu) (tedit 0) (tstamp 591C6850)
    (at 95.25 106.68 270)
    (descr "2-way 2.54mm pitch terminal block, Phoenix MPT series")
    (path /591A7DC8/59181820)
    (fp_text reference J13 (at 1.27 -4.50088 270) (layer F.SilkS)
      (effects (font (size 1 1) (thickness 0.15)))
    )
    (fp_text value AI5 (at 1.27 4.50088 270) (layer F.Fab)
      (effects (font (size 1 1) (thickness 0.15)))
    )
    (fp_line (start -1.52908 -3.0988) (end -1.52908 3.0988) (layer F.SilkS) (width 0.15))
    (fp_line (start 4.06908 -3.0988) (end -1.52908 -3.0988) (layer F.SilkS) (width 0.15))
    (fp_line (start 4.06908 3.0988) (end 4.06908 -3.0988) (layer F.SilkS) (width 0.15))
    (fp_line (start -1.52908 3.0988) (end 4.06908 3.0988) (layer F.SilkS) (width 0.15))
    (fp_line (start -1.52908 -2.70002) (end 4.06908 -2.70002) (layer F.SilkS) (width 0.15))
    (fp_line (start 1.27 3.0988) (end 1.27 2.60096) (layer F.SilkS) (width 0.15))
    (fp_line (start 3.87096 2.60096) (end 3.87096 3.0988) (layer F.SilkS) (width 0.15))
    (fp_line (start -1.33096 3.0988) (end -1.33096 2.60096) (layer F.SilkS) (width 0.15))
    (fp_line (start 4.06908 2.60096) (end -1.52908 2.60096) (layer F.SilkS) (width 0.15))
    (fp_line (start 4.3 -3.3) (end 4.3 3.3) (layer F.CrtYd) (width 0.05))
    (fp_line (start 4.3 3.3) (end -1.7 3.3) (layer F.CrtYd) (width 0.05))
    (fp_line (start -1.7 3.3) (end -1.7 -3.3) (layer F.CrtYd) (width 0.05))
    (fp_line (start -1.7 -3.3) (end 4.3 -3.3) (layer F.CrtYd) (width 0.05))
    (pad 1 thru_hole rect (at 0 0 270) (size 1.99898 1.99898) (drill 1.09728) (layers *.Cu *.Mask)
      (net 111 "Net-(J13-Pad1)"))
    (pad 2 thru_hole oval (at 2.54 0 270) (size 1.99898 1.99898) (drill 1.09728) (layers *.Cu *.Mask)
      (net 42 GND))
    (model Terminal_Blocks.3dshapes/TerminalBlock_Pheonix_MPT-2.54mm_2pol.wrl
      (at (xyz 0.05 0 0))
      (scale (xyz 1 1 1))
      (rotate (xyz 0 0 0))
    )
  )

  (module Connectors_Terminal_Blocks:TerminalBlock_Pheonix_MPT-2.54mm_2pol (layer F.Cu) (tedit 0) (tstamp 591C6819)
    (at 95.25 132.08 270)
    (descr "2-way 2.54mm pitch terminal block, Phoenix MPT series")
    (path /591A7DC8/591B830B)
    (fp_text reference J17 (at 1.27 -4.50088 270) (layer F.SilkS)
      (effects (font (size 1 1) (thickness 0.15)))
    )
    (fp_text value AI9 (at 1.27 4.50088 270) (layer F.Fab)
      (effects (font (size 1 1) (thickness 0.15)))
    )
    (fp_line (start -1.7 -3.3) (end 4.3 -3.3) (layer F.CrtYd) (width 0.05))
    (fp_line (start -1.7 3.3) (end -1.7 -3.3) (layer F.CrtYd) (width 0.05))
    (fp_line (start 4.3 3.3) (end -1.7 3.3) (layer F.CrtYd) (width 0.05))
    (fp_line (start 4.3 -3.3) (end 4.3 3.3) (layer F.CrtYd) (width 0.05))
    (fp_line (start 4.06908 2.60096) (end -1.52908 2.60096) (layer F.SilkS) (width 0.15))
    (fp_line (start -1.33096 3.0988) (end -1.33096 2.60096) (layer F.SilkS) (width 0.15))
    (fp_line (start 3.87096 2.60096) (end 3.87096 3.0988) (layer F.SilkS) (width 0.15))
    (fp_line (start 1.27 3.0988) (end 1.27 2.60096) (layer F.SilkS) (width 0.15))
    (fp_line (start -1.52908 -2.70002) (end 4.06908 -2.70002) (layer F.SilkS) (width 0.15))
    (fp_line (start -1.52908 3.0988) (end 4.06908 3.0988) (layer F.SilkS) (width 0.15))
    (fp_line (start 4.06908 3.0988) (end 4.06908 -3.0988) (layer F.SilkS) (width 0.15))
    (fp_line (start 4.06908 -3.0988) (end -1.52908 -3.0988) (layer F.SilkS) (width 0.15))
    (fp_line (start -1.52908 -3.0988) (end -1.52908 3.0988) (layer F.SilkS) (width 0.15))
    (pad 2 thru_hole oval (at 2.54 0 270) (size 1.99898 1.99898) (drill 1.09728) (layers *.Cu *.Mask)
      (net 42 GND))
    (pad 1 thru_hole rect (at 0 0 270) (size 1.99898 1.99898) (drill 1.09728) (layers *.Cu *.Mask)
      (net 109 "Net-(J17-Pad1)"))
    (model Terminal_Blocks.3dshapes/TerminalBlock_Pheonix_MPT-2.54mm_2pol.wrl
      (at (xyz 0.05 0 0))
      (scale (xyz 1 1 1))
      (rotate (xyz 0 0 0))
    )
  )

  (module Connectors_Terminal_Blocks:TerminalBlock_Pheonix_MPT-2.54mm_2pol (layer F.Cu) (tedit 0) (tstamp 591C6752)
    (at 95.25 138.43 270)
    (descr "2-way 2.54mm pitch terminal block, Phoenix MPT series")
    (path /591A7DC8/591B8489)
    (fp_text reference J18 (at 1.27 -4.50088 270) (layer F.SilkS)
      (effects (font (size 1 1) (thickness 0.15)))
    )
    (fp_text value A10 (at 1.27 4.50088 270) (layer F.Fab)
      (effects (font (size 1 1) (thickness 0.15)))
    )
    (fp_line (start -1.52908 -3.0988) (end -1.52908 3.0988) (layer F.SilkS) (width 0.15))
